0.0
0.0
0.00358589051923
0.0
0.0
0.00162085495344
0.0
0.0
0.0
0.0
0.0
0.00754838321707
0.0
0.0
0.00154986082952
0.0
0.0
0.0
0.0
0.0
0.0013701762826
0.0
0.0
0.0
0.0
0.00259839868046
0.0
0.0
0.0
0.00602853853819
0.0
0.0
0.0
0.0
0.0
0.0
0.00507216246864
0.0
0.0
0.0
0.0
0.0
0.0
0.00216047558503
0.000652211264218
0.0
0.0
0.0
0.0
0.0
0.0
0.0
0.0
0.0
0.0
0.0
0.00533373423594
0.0
0.0
0.0
0.0
0.00118519982131
0.0
0.0
0.00352522250094
0.0
0.00536187759871
0.0
0.0
0.0
0.0
0.00246302532559
0.000766468506237
0.0
0.00465994295729
0.0
0.0
0.0
0.0
0.0
0.0
0.00244991581045
0.0
0.0
0.0
0.0
0.00181064224597
0.0
0.0
0.0
0.00228191471083
0.0
0.0
0.0
0.000318253668259
0.00341252877908
0.00282706779836
0.0
0.0
0.0
