0.827444074087
0.83671731212
0.89063264149
0.921616336208
0.881294989863
0.894702862445
0.812378474966
0.890412013333
0.929249475963
0.90787160235
0.835739476307
0.885731538435
0.853683138036
0.925613518436
0.932908491117
0.90817112814
0.916453506752
0.928274801553
0.866062987526
0.839003779939
0.857005927631
0.836205852033
0.876271485516
0.898899762895
0.924328390777
0.87898728566
0.91513442837
0.838585203258
0.774968746778
0.85970549122
0.97897579121
0.793102178619
0.84511523659
0.825681179341
0.899595735542
0.94001249098
0.907011889626
0.834709597608
0.879130390708
0.851745678843
0.876051338442
0.901083175836
0.848696694272
0.879444486444
0.886794405691
0.841053486134
0.881055685372
0.927386412838
0.845112418817
0.936767413491
0.90137706608
0.941348682176
0.861950396894
0.874219889351
0.894209563245
0.820862805402
0.8103882169
0.886875777465
0.891811140511
0.914159513419
0.909962716058
0.821417202158
0.833425088485
0.856803116731
0.891128328923
0.875861860417
0.851252139102
0.950816552696
0.943239923027
0.870677158861
0.815675870245
0.893086543418
0.826358286657
0.915122865194
0.910730748084
0.88919332669
0.813984416343
0.799071423662
0.934365107728
0.919577987011
0.8584859455
0.893975705302
0.819161248754
0.882424899488
0.850678550565
0.861101353905
0.875266674685
0.884364832824
0.841347084293
0.863167537198
0.869108621697
0.870520669393
0.832431084842
0.841242259716
0.923278409677
0.959376327274
0.87552877908
0.894276828975
0.840882735988
0.941444194358
